overall_mse: 0.05968809127807617
regime_0_mse: 0.13253909349441528
regime_1_mse: 0.005122816190123558
regime_2_mse: 0.018253369256854057
